12 0.8257211538461539 0.7908653846153846 0.06971153846153846 0.23557692307692307
6 0.3004807692307692 0.7920673076923077 0.07692307692307693 0.25
0 0.453125 0.7944711538461539 0.07451923076923077 0.25
21 0.6742788461538461 0.7956730769230769 0.06971153846153846 0.23076923076923078
15 0.7512019230769231 0.8016826923076923 0.0829326923076923 0.24158653846153846
1 0.5300480769230769 0.8028846153846154 0.0889423076923077 0.23317307692307693
5 0.3762019230769231 0.8040865384615384 0.07451923076923077 0.24759615384615385
11 0.13701923076923078 0.8088942307692307 0.07692307692307693 0.25
18 0.8161057692307693 0.18389423076923078 0.07451923076923077 0.2283653846153846
9 0.53125 0.19471153846153846 0.078125 0.23317307692307693
4 0.4543269230769231 0.19591346153846154 0.07692307692307693 0.24158653846153846
6 0.3016826923076923 0.1971153846153846 0.07451923076923077 0.2283653846153846
22 0.6634615384615384 0.19951923076923078 0.06850961538461539 0.23918269230769232
10 0.7427884615384616 0.203125 0.08173076923076923 0.23317307692307693
11 0.13221153846153846 0.203125 0.078125 0.23918269230769232
3 0.3786057692307692 0.2091346153846154 0.07451923076923077 0.2644230769230769