3 0.3786057692307692 0.2091346153846154 0.08653846153846154 0.1814903846153846
11 0.07932692307692307 0.2091346153846154 0.0985576923076923 0.1778846153846154
9 0.28846153846153844 0.21153846153846154 0.09615384615384616 0.18028846153846154
24 0.7127403846153846 0.21153846153846154 0.0985576923076923 0.18028846153846154
0 0.5600961538461539 0.2127403846153846 0.09615384615384616 0.1778846153846154
10 0.9002403846153846 0.2127403846153846 0.08413461538461539 0.18990384615384615
23 0.8064903846153846 0.21514423076923078 0.09375 0.16947115384615385
2 0.4675480769230769 0.21634615384615385 0.09254807692307693 0.18389423076923078
23 0.8125 0.7055288461538461 0.08774038461538461 0.17427884615384615
9 0.30408653846153844 0.7067307692307693 0.09615384615384616 0.16947115384615385
3 0.39302884615384615 0.7067307692307693 0.08173076923076923 0.1658653846153846
24 0.7175480769230769 0.7079326923076923 0.10216346153846154 0.1875
0 0.5685096153846154 0.7103365384615384 0.08173076923076923 0.15985576923076922
11 0.09014423076923077 0.7115384615384616 0.09254807692307693 0.171875
2 0.4795673076923077 0.7151442307692307 0.08774038461538461 0.1778846153846154
10 0.9026442307692307 0.7163461538461539 0.09014423076923077 0.19230769230769232