2 0.26802884615384615 0.1622596153846154 0.09615384615384616 0.23918269230769232
0 0.3629807692307692 0.16346153846153846 0.09615384615384616 0.23918269230769232
9 0.5420673076923077 0.16466346153846154 0.09615384615384616 0.2536057692307692
8 0.4543269230769231 0.1658653846153846 0.08413461538461539 0.25
14 0.7992788461538461 0.171875 0.08653846153846154 0.24759615384615385
20 0.7079326923076923 0.17307692307692307 0.09254807692307693 0.25
18 0.8894230769230769 0.17307692307692307 0.09014423076923077 0.25
11 0.08173076923076923 0.17548076923076922 0.09254807692307693 0.24519230769230768
21 0.9170673076923077 0.5817307692307693 0.11057692307692307 0.2439903846153846
14 0.8185096153846154 0.5817307692307693 0.09134615384615384 0.21875
2 0.5144230769230769 0.5841346153846154 0.10096153846153846 0.23197115384615385
9 0.36658653846153844 0.5877403846153846 0.08653846153846154 0.23076923076923078
20 0.7235576923076923 0.5889423076923077 0.09615384615384616 0.23197115384615385
1 0.4375 0.5889423076923077 0.057692307692307696 0.24879807692307693
11 0.08052884615384616 0.5925480769230769 0.1045673076923077 0.23677884615384615
1 0.28846153846153844 0.5961538461538461 0.06490384615384616 0.23918269230769232