11 0.23677884615384615 0.11538461538461539 0.08173076923076923 0.14903846153846154
14 0.5240384615384616 0.11658653846153846 0.0889423076923077 0.16105769230769232
18 0.8882211538461539 0.11658653846153846 0.055288461538461536 0.14543269230769232
16 0.7127403846153846 0.11778846153846154 0.08413461538461539 0.15985576923076922
17 0.8076923076923077 0.11778846153846154 0.08653846153846154 0.15745192307692307
13 0.4266826923076923 0.11778846153846154 0.08413461538461539 0.15384615384615385
10 0.14543269230769232 0.11899038461538461 0.08413461538461539 0.15384615384615385
12 0.33653846153846156 0.11899038461538461 0.08173076923076923 0.1658653846153846
15 0.6189903846153846 0.11899038461538461 0.08653846153846154 0.1658653846153846
20 0.21153846153846154 0.30528846153846156 0.08653846153846154 0.15625
22 0.40865384615384615 0.30528846153846156 0.11057692307692307 0.15264423076923078
24 0.6069711538461539 0.30649038461538464 0.07932692307692307 0.14903846153846154
19 0.12259615384615384 0.3076923076923077 0.07692307692307693 0.14903846153846154
21 0.30408653846153844 0.3088942307692308 0.09615384615384616 0.15504807692307693
23 0.5192307692307693 0.3088942307692308 0.0985576923076923 0.15504807692307693
26 0.7956730769230769 0.3088942307692308 0.09495192307692307 0.14543269230769232
27 0.8954326923076923 0.3088942307692308 0.0985576923076923 0.15504807692307693
25 0.6935096153846154 0.3112980769230769 0.08533653846153846 0.15865384615384615
34 0.7463942307692307 0.47596153846153844 0.08413461538461539 0.1466346153846154
29 0.25721153846153844 0.47836538461538464 0.08173076923076923 0.15144230769230768
28 0.16346153846153846 0.47836538461538464 0.0889423076923077 0.1466346153846154
33 0.6478365384615384 0.4795673076923077 0.09134615384615384 0.15264423076923078
31 0.44711538461538464 0.4795673076923077 0.08653846153846154 0.14903846153846154
32 0.5456730769230769 0.4807692307692308 0.09615384615384616 0.1466346153846154
30 0.35336538461538464 0.48197115384615385 0.0889423076923077 0.15264423076923078
35 0.8425480769230769 0.48197115384615385 0.0889423076923077 0.14783653846153846
2 0.15384615384615385 0.6514423076923077 0.07091346153846154 0.15384615384615385
9 0.8112980769230769 0.6514423076923077 0.09134615384615384 0.17067307692307693
6 0.5324519230769231 0.6526442307692307 0.09615384615384616 0.14903846153846154
8 0.71875 0.6526442307692307 0.07572115384615384 0.15745192307692307
0 0.9110576923076923 0.6526442307692307 0.09615384615384616 0.15745192307692307
5 0.43509615384615385 0.6538461538461539 0.08653846153846154 0.15625
1 0.078125 0.6538461538461539 0.051682692307692304 0.15625
3 0.24639423076923078 0.6550480769230769 0.09134615384615384 0.15745192307692307
7 0.6274038461538461 0.65625 0.08533653846153846 0.1658653846153846
4 0.3389423076923077 0.6586538461538461 0.0889423076923077 0.1622596153846154