9 0.5432692307692307 0.1658653846153846 0.09254807692307693 0.23557692307692307
8 0.453125 0.16706730769230768 0.09615384615384616 0.24879807692307693
15 0.8016826923076923 0.16947115384615385 0.08413461538461539 0.2439903846153846
0 0.36177884615384615 0.17067307692307693 0.09615384615384616 0.24519230769230768
27 0.7067307692307693 0.171875 0.09014423076923077 0.24759615384615385
25 0.8882211538461539 0.17307692307692307 0.09254807692307693 0.2439903846153846
11 0.08173076923076923 0.17307692307692307 0.09014423076923077 0.265625
2 0.265625 0.17668269230769232 0.09615384615384616 0.25721153846153844
28 0.9134615384615384 0.5769230769230769 0.09735576923076923 0.23197115384615385
27 0.7199519230769231 0.578125 0.11057692307692307 0.22596153846153846
15 0.8185096153846154 0.578125 0.09014423076923077 0.24759615384615385
9 0.36177884615384615 0.5841346153846154 0.09014423076923077 0.23076923076923078
2 0.5192307692307693 0.5841346153846154 0.10336538461538461 0.265625
1 0.4423076923076923 0.5853365384615384 0.0625 0.234375
1 0.2860576923076923 0.5889423076923077 0.06370192307692307 0.25
11 0.08413461538461539 0.5985576923076923 0.09975961538461539 0.2668269230769231