5 0.453125 0.15865384615384615 0.08413461538461539 0.09014423076923077
1 0.1201923076923077 0.15985576923076922 0.06370192307692307 0.09975961538461539
7 0.6225961538461539 0.15985576923076922 0.07932692307692307 0.09375
8 0.703125 0.15985576923076922 0.08052884615384616 0.09134615384615384
9 0.7872596153846154 0.15985576923076922 0.0889423076923077 0.09134615384615384
3 0.28966346153846156 0.16105769230769232 0.08413461538461539 0.09375
6 0.5384615384615384 0.16105769230769232 0.08413461538461539 0.09375
4 0.37259615384615385 0.16105769230769232 0.07451923076923077 0.09495192307692307
0 0.875 0.16105769230769232 0.07451923076923077 0.09495192307692307
2 0.20192307692307693 0.16346153846153846 0.08653846153846154 0.09375
13 0.3701923076923077 0.25 0.07932692307692307 0.09375
16 0.6201923076923077 0.2512019230769231 0.08413461538461539 0.08413461538461539
17 0.7055288461538461 0.2512019230769231 0.08413461538461539 0.0889423076923077
11 0.20192307692307693 0.25240384615384615 0.07932692307692307 0.08774038461538461
12 0.28725961538461536 0.25240384615384615 0.08173076923076923 0.09254807692307693
15 0.5384615384615384 0.25240384615384615 0.07451923076923077 0.08653846153846154
18 0.7884615384615384 0.2536057692307692 0.04567307692307692 0.09014423076923077
10 0.11899038461538461 0.2548076923076923 0.08653846153846154 0.0889423076923077
19 0.8725961538461539 0.2548076923076923 0.08413461538461539 0.08653846153846154
14 0.4543269230769231 0.25600961538461536 0.08653846153846154 0.09254807692307693
24 0.4543269230769231 0.34134615384615385 0.08173076923076923 0.08653846153846154
21 0.19951923076923078 0.34134615384615385 0.07692307692307693 0.09014423076923077
27 0.7043269230769231 0.34134615384615385 0.07572115384615384 0.09014423076923077
20 0.11899038461538461 0.3425480769230769 0.08173076923076923 0.09254807692307693
29 0.8737980769230769 0.3425480769230769 0.08052884615384616 0.08173076923076923
23 0.3701923076923077 0.34375 0.08413461538461539 0.0889423076923077
26 0.6213942307692307 0.34375 0.08653846153846154 0.0889423076923077
22 0.2860576923076923 0.34375 0.0985576923076923 0.08653846153846154
25 0.5348557692307693 0.3449519230769231 0.07451923076923077 0.08413461538461539
28 0.7920673076923077 0.3449519230769231 0.07932692307692307 0.08774038461538461
34 0.4519230769230769 0.43149038461538464 0.07211538461538461 0.09735576923076923
30 0.12259615384615384 0.4326923076923077 0.07932692307692307 0.08774038461538461
31 0.20552884615384615 0.4326923076923077 0.07932692307692307 0.08774038461538461
33 0.36899038461538464 0.4338942307692308 0.08173076923076923 0.0889423076923077
32 0.29086538461538464 0.4338942307692308 0.0889423076923077 0.08653846153846154
35 0.5420673076923077 0.4338942307692308 0.08653846153846154 0.09014423076923077