3 0.6081730769230769 0.3858173076923077 0.052884615384615384 0.1778846153846154
2 0.3125 0.4699519230769231 0.22235576923076922 0.4338942307692308
4 0.5420673076923077 0.5204326923076923 0.04326923076923077 0.030048076923076924
4 0.6947115384615384 0.5384615384615384 0.03125 0.027644230769230768
3 0.8100961538461539 0.5456730769230769 0.055288461538461536 0.1971153846153846
4 0.3088942307692308 0.5793269230769231 0.05889423076923077 0.046875
3 0.5348557692307693 0.5793269230769231 0.07692307692307693 0.23076923076923078
3 0.6838942307692307 0.5841346153846154 0.0733173076923077 0.19110576923076922
3 0.7415865384615384 0.8473557692307693 0.12379807692307693 0.25600961538461536
3 0.7704326923076923 0.09134615384615384 0.040865384615384616 0.13341346153846154
3 0.5336538461538461 0.14423076923076922 0.036057692307692304 0.16706730769230768
2 0.38221153846153844 0.1814903846153846 0.171875 0.3245192307692308
3 0.5685096153846154 0.22115384615384615 0.038461538461538464 0.1310096153846154
3 0.6598557692307693 0.2247596153846154 0.038461538461538464 0.13942307692307693