2 0.32572115384615385 0.21394230769230768 0.10096153846153846 0.14783653846153846
5 0.47115384615384615 0.2764423076923077 0.1141826923076923 0.265625
2 0.27163461538461536 0.31971153846153844 0.11057692307692307 0.13221153846153846
3 0.8545673076923077 0.03365384615384615 0.02403846153846154 0.06009615384615385
4 0.4651442307692308 0.3605769230769231 0.03365384615384615 0.03365384615384615
3 0.7055288461538461 0.36778846153846156 0.04447115384615385 0.1045673076923077
2 0.12620192307692307 0.6201923076923077 0.1622596153846154 0.23197115384615385
3 0.5721153846153846 0.6658653846153846 0.046875 0.13942307692307693
4 0.11298076923076923 0.6730769230769231 0.03485576923076923 0.03365384615384615
3 0.6526442307692307 0.6766826923076923 0.06009615384615385 0.14182692307692307
3 0.7896634615384616 0.6838942307692307 0.06610576923076923 0.13221153846153846
5 0.12259615384615384 0.06971153846153846 0.09495192307692307 0.13942307692307693
2 0.3016826923076923 0.7163461538461539 0.15865384615384615 0.2956730769230769
4 0.2956730769230769 0.8125 0.051682692307692304 0.027644230769230768
3 0.8221153846153846 0.9242788461538461 0.0625 0.13221153846153846
3 0.796875 0.10336538461538461 0.020432692307692308 0.04567307692307692
2 0.5829326923076923 0.12980769230769232 0.06610576923076923 0.1045673076923077
2 0.5504807692307693 0.17548076923076922 0.0889423076923077 0.14182692307692307
3 0.7572115384615384 0.17668269230769232 0.03125 0.07451923076923077