5 0.5480769230769231 0.23557692307692307 0.20793269230769232 0.40024038461538464
2 0.4423076923076923 0.24879807692307693 0.04927884615384615 0.14543269230769232
2 0.06370192307692307 0.25 0.11899038461538461 0.18028846153846154
4 0.06370192307692307 0.3004807692307692 0.03125 0.030048076923076924
5 0.3425480769230769 0.3293269230769231 0.1658653846153846 0.38221153846153844
4 0.5661057692307693 0.37259615384615385 0.039663461538461536 0.03245192307692308
5 0.6911057692307693 0.41346153846153844 0.25721153846153844 0.41586538461538464
2 0.16105769230769232 0.4699519230769231 0.15144230769230768 0.23557692307692307
4 0.7331730769230769 0.5240384615384616 0.04807692307692308 0.03245192307692308
4 0.16346153846153846 0.5324519230769231 0.037259615384615384 0.027644230769230768
2 0.05048076923076923 0.054086538461538464 0.08173076923076923 0.08413461538461539
2 0.4735576923076923 0.0625 0.06610576923076923 0.11057692307692307
5 0.5576923076923077 0.6550480769230769 0.2704326923076923 0.4254807692307692
4 0.5985576923076923 0.7884615384615384 0.057692307692307696 0.030048076923076924
2 0.06971153846153846 0.10096153846153846 0.08173076923076923 0.1141826923076923
5 0.8257211538461539 0.1502403846153846 0.19591346153846154 0.3004807692307692
5 0.2848557692307692 0.171875 0.16105769230769232 0.34375