5 0.7259615384615384 0.2764423076923077 0.13942307692307693 0.21995192307692307
5 0.5528846153846154 0.2848557692307692 0.10576923076923077 0.21033653846153846
2 0.06610576923076923 0.33413461538461536 0.12620192307692307 0.13942307692307693
2 0.34615384615384615 0.3485576923076923 0.09375 0.12379807692307693
4 0.057692307692307696 0.34975961538461536 0.028846153846153848 0.027644230769230768
5 0.47716346153846156 0.4375 0.1971153846153846 0.4254807692307692
2 0.3449519230769231 0.4495192307692308 0.0985576923076923 0.12259615384615384
2 0.27283653846153844 0.5300480769230769 0.15625 0.21995192307692307
4 0.2608173076923077 0.5829326923076923 0.042067307692307696 0.021634615384615384
4 0.46634615384615385 0.6069711538461539 0.04567307692307692 0.021634615384615384
5 0.7716346153846154 0.7067307692307693 0.35697115384615385 0.5817307692307693
5 0.3137019230769231 0.8257211538461539 0.2704326923076923 0.34375
5 0.7091346153846154 0.08413461538461539 0.11899038461538461 0.16826923076923078
2 0.07091346153846154 0.8521634615384616 0.14182692307692307 0.2920673076923077
5 0.15745192307692307 0.11778846153846154 0.08653846153846154 0.15144230769230768
2 0.4987980769230769 0.12740384615384615 0.05889423076923077 0.08413461538461539
2 0.4723557692307692 0.1658653846153846 0.04807692307692308 0.08052884615384616
5 0.12259615384615384 0.18389423076923078 0.10096153846153846 0.13942307692307693
5 0.040865384615384616 0.1875 0.08173076923076923 0.25
1 0.5721153846153846 0.1875 0.09975961538461539 0.22235576923076922
2 0.4362980769230769 0.18990384615384615 0.0733173076923077 0.08413461538461539