2 0.06490384615384616 0.24158653846153846 0.12980769230769232 0.1466346153846154
2 0.7932692307692307 0.265625 0.1346153846153846 0.18870192307692307
3 0.48677884615384615 0.3641826923076923 0.06610576923076923 0.09375
3 0.7451923076923077 0.41586538461538464 0.052884615384615384 0.13221153846153846
2 0.5444711538461539 0.46153846153846156 0.19471153846153846 0.203125
3 0.14783653846153846 0.5889423076923077 0.12139423076923077 0.17548076923076922
3 0.6646634615384616 0.6502403846153846 0.10096153846153846 0.19471153846153846
2 0.30408653846153844 0.7992788461538461 0.2980769230769231 0.39783653846153844
2 0.5180288461538461 0.09375 0.0985576923076923 0.06009615384615385
2 0.9411057692307693 0.10576923076923077 0.09615384615384616 0.1310096153846154
3 0.796875 0.11298076923076923 0.046875 0.06610576923076923
2 0.38461538461538464 0.1141826923076923 0.11177884615384616 0.109375
1 0.14543269230769232 0.11538461538461539 0.29086538461538464 0.23076923076923078
2 0.8545673076923077 0.15504807692307693 0.09014423076923077 0.15144230769230768