2 0.021634615384615384 0.21514423076923078 0.04326923076923077 0.1346153846153846
2 0.14423076923076922 0.23677884615384615 0.0829326923076923 0.12620192307692307
2 0.24519230769230768 0.40865384615384615 0.10817307692307693 0.16105769230769232
4 0.2620192307692308 0.45552884615384615 0.03125 0.02403846153846154
2 0.6826923076923077 0.4651442307692308 0.1201923076923077 0.20192307692307693
2 0.14903846153846154 0.48197115384615385 0.12379807692307693 0.18629807692307693
5 0.5084134615384616 0.4855769230769231 0.296875 0.5132211538461539
4 0.6826923076923077 0.5024038461538461 0.05048076923076923 0.03485576923076923
1 0.12620192307692307 0.052884615384615384 0.06129807692307692 0.1045673076923077
4 0.15985576923076922 0.5276442307692307 0.040865384615384616 0.025240384615384616
2 0.027644230769230768 0.06610576923076923 0.054086538461538464 0.07692307692307693
4 0.5709134615384616 0.6682692307692307 0.04447115384615385 0.02403846153846154
2 0.8810096153846154 0.6899038461538461 0.2127403846153846 0.24278846153846154
4 0.921875 0.7548076923076923 0.04447115384615385 0.036057692307692304
1 0.18629807692307693 0.0829326923076923 0.10096153846153846 0.16466346153846154
2 0.30649038461538464 0.8257211538461539 0.20432692307692307 0.3004807692307692
4 0.32572115384615385 0.9098557692307693 0.04807692307692308 0.046875
2 0.08774038461538461 0.14903846153846154 0.06129807692307692 0.109375
5 0.33533653846153844 0.15985576923076922 0.14543269230769232 0.24639423076923078