2 0.4795673076923077 0.39663461538461536 0.0733173076923077 0.12740384615384615
3 0.41947115384615385 0.43028846153846156 0.025240384615384616 0.0733173076923077
4 0.8581730769230769 0.5564903846153846 0.03485576923076923 0.039663461538461536
3 0.4831730769230769 0.5805288461538461 0.08533653846153846 0.25721153846153844
3 0.6538461538461539 0.5985576923076923 0.07091346153846154 0.2512019230769231
4 0.5733173076923077 0.6213942307692307 0.05889423076923077 0.042067307692307696
3 0.8545673076923077 0.6346153846153846 0.06009615384615385 0.25721153846153844
3 0.29086538461538464 0.6959134615384616 0.09615384615384616 0.4206730769230769
4 0.7980769230769231 0.6995192307692307 0.06009615384615385 0.06009615384615385
3 0.578125 0.7259615384615384 0.07692307692307693 0.37259615384615385
3 0.7764423076923077 0.7608173076923077 0.09254807692307693 0.38221153846153844