2 0.5649038461538461 0.2403846153846154 0.08413461538461539 0.14182692307692307
3 0.3449519230769231 0.3329326923076923 0.046875 0.08052884615384616
3 0.6033653846153846 0.33774038461538464 0.037259615384615384 0.08052884615384616
2 0.48197115384615385 0.34615384615384615 0.12620192307692307 0.14182692307692307
3 0.29447115384615385 0.4675480769230769 0.06850961538461539 0.11778846153846154
3 0.7307692307692307 0.46875 0.07091346153846154 0.13341346153846154
3 0.38461538461538464 0.49399038461538464 0.07692307692307693 0.11778846153846154
3 0.5649038461538461 0.4987980769230769 0.07572115384615384 0.12620192307692307
2 0.5072115384615384 0.055288461538461536 0.05048076923076923 0.07572115384615384
3 0.46875 0.5564903846153846 0.07572115384615384 0.1310096153846154
3 0.7439903846153846 0.7548076923076923 0.08774038461538461 0.20192307692307693
2 0.5600961538461539 0.07692307692307693 0.0625 0.08173076923076923
3 0.18509615384615385 0.7668269230769231 0.08533653846153846 0.15985576923076922
3 0.2980769230769231 0.8112980769230769 0.09975961538461539 0.19110576923076922
3 0.5516826923076923 0.8112980769230769 0.08533653846153846 0.2091346153846154
3 0.4254807692307692 0.8677884615384616 0.08533653846153846 0.19831730769230768
2 0.49759615384615385 0.13221153846153846 0.056490384615384616 0.06850961538461539
2 0.5637019230769231 0.14783653846153846 0.07211538461538461 0.06009615384615385
3 0.671875 0.17067307692307693 0.039663461538461536 0.06610576923076923
3 0.4254807692307692 0.17307692307692307 0.04326923076923077 0.07572115384615384
2 0.9362980769230769 0.18509615384615385 0.09495192307692307 0.11778846153846154
2 0.5 0.2127403846153846 0.09014423076923077 0.1201923076923077