3 0.5757211538461539 0.38100961538461536 0.04807692307692308 0.15264423076923078
4 0.34615384615384615 0.390625 0.039663461538461536 0.05048076923076923
3 0.6225961538461539 0.046875 0.03485576923076923 0.052884615384615384
3 0.5576923076923077 0.04807692307692308 0.046875 0.08653846153846154
3 0.5228365384615384 0.515625 0.06009615384615385 0.15745192307692307
3 0.6009615384615384 0.5612980769230769 0.04807692307692308 0.1466346153846154
3 0.47115384615384615 0.8269230769230769 0.0673076923076923 0.19230769230769232
3 0.6177884615384616 0.8822115384615384 0.055288461538461536 0.20552884615384615
3 0.6310096153846154 0.13221153846153846 0.03245192307692308 0.10697115384615384
3 0.5949519230769231 0.18990384615384615 0.04447115384615385 0.11177884615384616
5 0.34615384615384615 0.24158653846153846 0.15985576923076922 0.4014423076923077