2 0.1502403846153846 0.2548076923076923 0.04447115384615385 0.08052884615384616
2 0.7415865384615384 0.28966346153846156 0.0733173076923077 0.09975961538461539
2 0.2704326923076923 0.36177884615384615 0.06129807692307692 0.12740384615384615
2 0.10576923076923077 0.44471153846153844 0.09254807692307693 0.140625
2 0.24519230769230768 0.47596153846153844 0.08413461538461539 0.1622596153846154
3 0.41346153846153844 0.5240384615384616 0.02403846153846154 0.06490384615384616
3 0.3389423076923077 0.5432692307692307 0.027644230769230768 0.078125
3 0.46274038461538464 0.5564903846153846 0.015625 0.04567307692307692
3 0.4987980769230769 0.5769230769230769 0.03365384615384615 0.0733173076923077
2 0.09735576923076923 0.6021634615384616 0.11538461538461539 0.19110576923076922
3 0.7644230769230769 0.7632211538461539 0.052884615384615384 0.12740384615384615
3 0.46033653846153844 0.7740384615384616 0.04567307692307692 0.125
3 0.5360576923076923 0.8028846153846154 0.056490384615384616 0.12740384615384615
3 0.6117788461538461 0.8137019230769231 0.05048076923076923 0.13221153846153846
3 0.6850961538461539 0.8173076923076923 0.052884615384615384 0.1201923076923077
2 0.40024038461538464 0.18509615384615385 0.02283653846153846 0.04567307692307692
2 0.4495192307692308 0.19110576923076922 0.04807692307692308 0.06490384615384616
2 0.35096153846153844 0.19230769230769232 0.04567307692307692 0.0625
2 0.3016826923076923 0.20072115384615385 0.039663461538461536 0.055288461538461536
2 0.234375 0.2247596153846154 0.04447115384615385 0.057692307692307696