2 0.13341346153846154 0.2644230769230769 0.08533653846153846 0.1502403846153846
5 0.36177884615384615 0.2764423076923077 0.0985576923076923 0.1935096153846154
2 0.3016826923076923 0.2848557692307692 0.057692307692307696 0.12620192307692307
2 0.18629807692307693 0.3485576923076923 0.0985576923076923 0.1201923076923077
5 0.46153846153846156 0.3545673076923077 0.15384615384615385 0.265625
2 0.6514423076923077 0.3942307692307692 0.08413461538461539 0.171875
5 0.7704326923076923 0.421875 0.23076923076923078 0.43149038461538464
4 0.6742788461538461 0.43149038461538464 0.027644230769230768 0.026442307692307692
5 0.4951923076923077 0.4423076923076923 0.1658653846153846 0.18389423076923078
2 0.25721153846153844 0.44711538461538464 0.12620192307692307 0.16947115384615385
4 0.2608173076923077 0.4891826923076923 0.038461538461538464 0.026442307692307692
4 0.7932692307692307 0.5564903846153846 0.027644230769230768 0.036057692307692304
2 0.2920673076923077 0.6466346153846154 0.16706730769230768 0.25
4 0.29927884615384615 0.6995192307692307 0.051682692307692304 0.026442307692307692
5 0.5264423076923077 0.7355769230769231 0.23076923076923078 0.4699519230769231
4 0.5252403846153846 0.9050480769230769 0.038461538461538464 0.030048076923076924
2 0.1814903846153846 0.9182692307692307 0.20673076923076922 0.15985576923076922
5 0.1875 0.10096153846153846 0.10697115384615384 0.20192307692307693
5 0.36778846153846156 0.109375 0.18990384615384615 0.21754807692307693
2 0.18269230769230768 0.18509615384615385 0.0733173076923077 0.13341346153846154