3 0.13942307692307693 0.35096153846153844 0.042067307692307696 0.13701923076923078
3 0.10697115384615384 0.3701923076923077 0.06610576923076923 0.17427884615384615
4 0.2932692307692308 0.37259615384615385 0.038461538461538464 0.042067307692307696
3 0.05889423076923077 0.40024038461538464 0.05889423076923077 0.16706730769230768
3 0.28966346153846156 0.42788461538461536 0.07932692307692307 0.21634615384615385
4 0.4675480769230769 0.4362980769230769 0.06610576923076923 0.051682692307692304
4 0.23076923076923078 0.4495192307692308 0.051682692307692304 0.036057692307692304
4 0.8677884615384616 0.4639423076923077 0.08774038461538461 0.07211538461538461
3 0.21754807692307693 0.4879807692307692 0.10096153846153846 0.28125
3 0.4543269230769231 0.5528846153846154 0.18389423076923078 0.44350961538461536
3 0.8016826923076923 0.6598557692307693 0.25600961538461536 0.5444711538461539